#Dialog001
1,1,1,0,0,0,0,0,0,0,4
4,1,1,1,0,0,0,0,0,0,5
5,1,1,1,1,0,0,0,0,0,6
6,1,1,1,1,1,0,0,0,0,7
7,1,1,1,1,1,1,0,0,0,14
#Dialog002
1,2,1,0,0,0,0,0,0,0,8
8,1,1,0,0,0,0,0,0,0,4
4,1,1,1,0,0,0,0,0,0,5
5,1,1,1,1,0,0,0,0,0,6
6,1,1,1,1,1,0,0,0,0,7
7,1,1,1,1,1,1,0,0,0,14
#Dialog003
1,1,1,0,0,0,0,0,0,0,4
4,1,1,2,0,0,0,0,0,0,10
10,1,1,1,0,0,0,1,0,0,5
5,1,1,1,1,0,0,0,0,0,6
6,1,1,1,1,1,0,0,0,0,7
7,1,1,1,1,1,1,0,0,0,14
#Dialog004
1,1,1,0,0,0,0,0,0,0,4
4,1,1,1,0,0,0,0,0,0,5
5,1,1,1,2,0,0,0,0,0,11
11,1,1,1,1,0,0,1,0,0,6
6,1,1,1,1,1,0,0,0,0,7
7,1,1,1,1,1,1,0,0,0,14
#Dialog005
1,1,1,0,0,0,0,0,0,0,4
4,1,1,1,0,0,0,0,0,0,5
5,1,1,1,1,0,0,0,0,0,6
6,1,1,1,1,1,0,0,0,0,7
7,1,1,1,1,1,1,1,0,0,14
#Dialog006
1,1,2,0,0,0,0,0,0,0,10
10,1,1,1,0,0,0,1,0,0,4
4,1,1,1,0,0,0,0,0,0,5
5,1,1,1,1,0,0,0,0,0,6
6,1,1,1,1,1,0,0,0,0,7
7,1,1,1,1,1,1,1,0,0,14
#Dialog007
1,1,1,0,0,0,0,0,0,0,4
4,1,1,2,0,0,0,0,0,0,10
10,1,1,1,0,0,0,1,0,0,5
5,1,1,1,1,0,0,0,0,0,6
6,1,1,1,1,1,0,0,0,0,7
7,1,1,1,1,1,0,0,1,0,14
#Dialog008
1,1,1,0,0,0,0,0,0,0,4
4,1,1,1,0,0,0,0,0,0,5
5,1,1,1,2,0,0,0,0,0,11
11,1,1,1,1,0,0,1,0,0,6
6,1,1,1,1,1,0,0,0,0,7
7,1,1,1,1,1,0,0,1,0,14
#Dialog009
1,1,1,0,0,0,0,0,0,0,4
4,1,1,1,0,0,0,0,0,0,5
5,1,1,1,1,0,0,0,0,0,6
6,1,1,1,1,1,0,0,0,0,7
7,1,1,1,1,1,0,0,1,0,14
#Dialog010
1,1,1,0,0,0,0,0,0,0,4
4,1,1,1,0,0,0,0,0,0,5
5,1,1,1,1,0,0,0,0,0,6
6,1,1,1,1,1,0,0,0,0,7
7,1,1,1,1,1,2,0,0,0,13
13,1,1,1,1,1,1,1,0,0,14
#Dialog011
1,1,1,0,0,0,0,0,0,0,4
4,1,1,1,0,0,0,0,0,0,5
5,1,1,1,1,0,0,0,0,0,6
6,1,1,1,1,1,0,0,0,0,7
7,1,1,1,1,1,2,0,0,0,13
13,1,1,1,1,1,1,0,1,0,14
#Dialog012
1,0,1,0,0,0,0,0,0,0,2
2,1,1,0,0,0,0,0,0,0,4
4,1,1,1,0,0,0,0,0,0,5
5,1,1,1,1,0,0,0,0,0,6
6,1,1,1,1,1,0,0,0,0,7
7,1,1,1,1,1,1,0,0,0,14
#Dialog013
1,0,1,0,0,0,0,0,0,0,2
2,1,1,0,0,0,0,0,0,0,4
4,1,1,1,0,0,0,0,0,0,5
5,1,1,1,1,0,0,0,0,0,6
6,1,1,1,1,2,0,0,0,0,12
12,1,1,1,1,1,1,0,0,0,12
12,1,1,1,1,1,1,0,0,0,14
#Dialog014
1,0,1,0,0,0,0,0,0,0,2
2,1,1,0,0,0,0,0,0,0,4
4,1,1,1,0,0,0,0,0,0,5
5,1,1,1,2,0,0,0,0,0,11
11,1,1,1,1,0,0,1,0,0,6
6,1,1,1,1,1,0,0,0,0,7
7,1,1,1,1,1,1,0,0,0,14
#Dialog015
1,0,1,0,0,0,0,0,0,0,2
2,1,1,0,0,0,0,0,0,0,4
4,1,1,2,0,0,0,0,0,0,10
10,1,1,1,0,0,0,1,0,0,5
5,1,1,1,1,0,0,0,0,0,6
6,1,1,1,1,1,0,0,0,0,7
7,1,1,1,1,1,1,0,0,0,14
#Dialog016
1,0,1,0,0,0,0,0,0,0,2
2,1,1,0,0,0,0,0,0,0,4
4,1,1,1,0,0,0,0,0,0,5
5,1,1,1,1,0,0,0,0,0,6
6,1,1,1,1,1,0,0,0,0,7
7,1,1,1,1,1,1,1,0,0,14
#Dialog017
1,0,2,0,0,0,0,0,0,0,9
9,0,1,0,0,0,0,1,0,0,2
2,1,1,0,0,0,0,0,0,0,4
4,1,1,1,0,0,0,0,0,0,5
5,1,1,1,1,0,0,0,0,0,6
6,1,1,1,1,1,0,0,0,0,7
7,1,1,1,1,1,1,1,0,0,14
#Dialog018
1,0,1,0,0,0,0,0,0,0,2
2,1,2,0,0,0,0,0,0,0,9
9,1,1,0,0,0,0,1,0,0,4
4,1,1,1,0,0,0,0,0,0,5
5,1,1,1,1,0,0,0,0,0,6
6,1,1,1,1,1,0,0,0,0,7
7,1,1,1,1,1,1,1,0,0,14
#Dialog019
1,0,1,0,0,0,0,0,0,0,2
2,1,1,0,0,0,0,0,0,0,4
4,1,1,1,0,0,0,0,0,0,5
5,1,1,1,2,0,0,0,0,0,11
11,1,1,1,1,0,0,1,0,0,6
6,1,1,1,1,1,0,0,0,0,7
7,1,1,1,1,1,1,1,0,0,14
#Dialog020
1,0,1,0,0,0,0,0,0,0,2
2,1,1,0,0,0,0,0,0,0,4
4,1,1,2,0,0,0,0,0,0,10
10,1,1,1,0,0,0,1,0,0,5
5,1,1,1,1,0,0,0,0,0,6
6,1,1,1,1,1,0,0,0,0,7
7,1,1,1,1,1,1,1,0,0,14
#Dialog021
1,0,1,0,0,0,0,0,0,0,2
2,1,1,0,0,0,0,0,0,0,4
4,1,1,1,0,0,0,0,0,0,5
5,1,1,1,1,0,0,0,0,0,6
6,1,1,1,1,1,0,0,0,0,7
7,1,1,1,1,1,0,0,1,0,14
#Dialog022
1,0,2,0,0,0,0,0,0,0,9
9,0,1,0,0,0,0,1,0,0,2
2,1,1,0,0,0,0,0,0,0,4
4,1,1,1,0,0,0,0,0,0,5
5,1,1,1,1,0,0,0,0,0,6
6,1,1,1,1,1,0,0,0,0,7
7,1,1,1,1,1,0,0,1,0,14
#Dialog023
1,0,1,0,0,0,0,0,0,0,2
2,2,1,0,0,0,0,0,0,0,8
8,1,1,0,0,0,0,0,0,0,4
4,1,1,1,0,0,0,0,0,0,5
5,1,1,1,1,0,0,0,0,0,6
6,1,1,1,1,1,0,0,0,0,7
7,1,1,1,1,1,0,0,1,0,14
#Dialog024
1,0,1,0,0,0,0,0,0,0,2
2,1,1,0,0,0,0,0,0,0,4
4,1,1,2,0,0,0,0,0,0,10
10,1,1,1,0,0,0,1,0,0,5
5,1,1,1,1,0,0,0,0,0,6
6,1,1,1,1,1,0,0,0,0,7
7,1,1,1,1,1,0,0,1,0,14
#Dialog025
1,0,1,0,0,0,0,0,0,0,2
2,1,1,0,0,0,0,0,0,0,4
4,1,1,2,0,0,0,0,0,0,10
10,1,1,1,0,0,0,1,0,0,5
5,1,1,1,2,0,0,0,0,0,11
11,1,1,1,1,0,0,1,0,0,6
6,1,1,1,1,1,0,0,0,0,7
7,1,1,1,1,1,0,0,1,0,14
#Dialog026
1,0,1,0,0,0,0,0,0,0,2
2,1,1,0,0,0,0,0,0,0,4
4,1,1,1,0,0,0,0,0,0,5
5,1,1,1,1,0,0,0,0,0,6
6,1,1,1,1,1,0,0,0,0,7
7,1,1,1,1,1,2,0,0,0,13
13,1,1,1,1,1,1,1,0,0,14
#Dialog027
1,0,2,0,0,0,0,0,0,0,9
9,0,1,0,0,0,0,1,0,0,2
2,1,1,0,0,0,0,0,0,0,4
4,1,1,1,0,0,0,0,0,0,5
5,1,1,1,1,0,0,0,0,0,6
6,1,1,1,1,1,0,0,0,0,7
7,1,1,1,1,1,2,0,0,0,13
13,1,1,1,1,1,1,1,0,0,14
#Dialog028
1,0,1,0,0,0,0,0,0,0,2
2,2,1,0,0,0,0,0,0,0,8
8,1,1,0,0,0,0,1,0,0,4
4,1,1,1,0,0,0,0,0,0,5
5,1,1,1,1,0,0,0,0,0,6
6,1,1,1,1,1,0,0,0,0,7
7,1,1,1,1,1,2,0,0,0,13
13,1,1,1,1,1,1,1,0,0,14
#Dialog029
1,0,1,0,0,0,0,0,0,0,2
2,1,1,0,0,0,0,0,0,0,4
4,1,1,2,0,0,0,0,0,0,10
10,1,1,1,0,0,0,1,0,0,5
5,1,1,1,2,0,0,0,0,0,11
11,1,1,1,1,0,0,1,0,0,6
6,1,1,1,1,1,0,0,0,0,7
7,1,1,1,1,1,2,0,0,0,13
13,1,1,1,1,1,1,1,0,0,14
#Dialog030
1,0,1,0,0,0,0,0,0,0,2
2,1,1,0,0,0,0,0,0,0,4
4,1,1,1,0,0,0,0,0,0,5
5,1,1,1,1,0,0,0,0,0,6
6,1,1,1,1,1,0,0,0,0,7
7,1,1,1,1,1,2,0,0,0,13
13,1,1,1,1,1,1,1,0,0,14
#Dialog031
1,0,1,0,0,0,0,0,0,0,2
2,1,1,0,0,0,0,0,0,0,4
4,1,1,1,0,0,0,0,0,0,5
5,1,1,1,1,0,0,0,0,0,6
6,1,1,1,1,2,0,0,0,0,12
12,1,1,1,1,1,0,1,0,0,7
7,1,1,1,1,1,2,0,0,0,13
13,1,1,1,1,1,1,0,1,0,14
#Dialog032
1,0,1,0,0,0,0,0,0,0,2
2,1,1,0,0,0,0,0,0,0,4
4,1,1,1,0,0,0,0,0,0,5
5,1,1,1,1,0,0,0,0,0,6
6,1,1,1,1,1,0,0,0,0,7
7,1,1,1,1,1,2,0,0,0,13
13,1,1,1,1,1,1,0,1,0,14
#Dialog033
1,1,0,0,0,0,0,0,0,0,3
3,1,1,0,0,0,0,0,0,0,4
4,1,1,1,0,0,0,0,0,0,5
5,1,1,1,1,0,0,0,0,0,6
6,1,1,1,1,1,0,0,0,0,7
7,1,1,1,1,1,1,0,0,0,14
#Dialog034
1,1,0,0,0,0,0,0,0,0,3
3,1,2,0,0,0,0,0,0,0,9
9,1,1,0,0,0,0,1,0,0,4
4,1,1,1,0,0,0,0,0,0,5
5,1,1,1,1,0,0,0,0,0,6
6,1,1,1,1,1,0,0,0,0,7
7,1,1,1,1,1,1,0,0,0,14
#Dialog035
1,2,0,0,0,0,0,0,0,0,8
8,1,0,0,0,0,0,1,0,0,3
3,1,1,0,0,0,0,0,0,0,4
4,1,1,1,0,0,0,0,0,0,5
5,1,1,1,1,0,0,0,0,0,6
6,1,1,1,1,1,0,0,0,0,7
7,1,1,1,1,1,1,0,0,0,14
#Dialog036
1,1,0,0,0,0,0,0,0,0,3
3,1,1,0,0,0,0,0,0,0,4
4,1,1,2,0,0,0,0,0,0,10
10,1,1,1,0,0,0,1,0,0,5
5,1,1,1,1,0,0,0,0,0,6
6,1,1,1,1,1,0,0,0,0,7
7,1,1,1,1,1,1,0,0,0,14
#Dialog037
1,1,0,0,0,0,0,0,0,0,3
3,1,1,0,0,0,0,0,0,0,4
4,1,1,1,0,0,0,0,0,0,5
5,1,1,1,2,0,0,0,0,0,11
11,1,1,1,1,0,0,1,0,0,6
6,1,1,1,1,1,0,0,0,0,7
7,1,1,1,1,1,1,0,0,0,14
#Dialog038
1,1,0,0,0,0,0,0,0,0,3
3,1,1,0,0,0,0,0,0,0,4
4,1,1,1,0,0,0,0,0,0,5
5,1,1,1,1,0,0,0,0,0,6
6,1,1,1,1,2,0,0,0,0,12
12,1,1,1,1,1,0,1,0,0,7
7,1,1,1,1,1,1,0,0,0,14
#Dialog039
1,1,0,0,0,0,0,0,0,0,3
3,1,1,0,0,0,0,0,0,0,4
4,1,1,1,0,0,0,0,0,0,5
5,1,1,1,1,0,0,0,0,0,6
6,1,1,1,1,1,0,0,0,0,7
7,1,1,1,1,1,1,1,0,0,14
#Dialog040
1,2,0,0,0,0,0,0,0,0,8
8,1,0,0,0,0,0,1,0,0,3
3,1,1,0,0,0,0,0,0,0,4
4,1,1,1,0,0,0,0,0,0,5
5,1,1,1,1,0,0,0,0,0,6
6,1,1,1,1,1,0,0,0,0,7
7,1,1,1,1,1,1,1,0,0,14
#Dialog041
1,2,0,0,0,0,0,0,0,0,8
8,1,0,0,0,0,0,1,0,0,3
3,1,1,0,0,0,0,0,0,0,4
4,1,1,2,0,0,0,0,0,0,10
10,1,1,1,0,0,0,1,0,0,5
5,1,1,1,1,0,0,0,0,0,6
6,1,1,1,1,1,0,0,0,0,7
7,1,1,1,1,1,1,1,0,0,14
#Dialog042
1,1,0,0,0,0,0,0,0,0,3
3,1,2,0,0,0,0,0,0,0,9
9,1,1,0,0,0,0,1,0,0,4
4,1,1,1,0,0,0,0,0,0,5
5,1,1,1,1,0,0,0,0,0,6
6,1,1,1,1,1,0,0,0,0,7
7,1,1,1,1,1,1,1,0,0,14
#Dialog043
1,1,0,0,0,0,0,0,0,0,3
3,1,1,0,0,0,0,0,0,0,4
4,1,1,1,0,0,0,0,0,0,5
5,1,1,1,2,0,0,0,0,0,11
11,1,1,1,1,0,0,1,0,0,6
6,1,1,1,1,1,0,0,0,0,7
7,1,1,1,1,1,1,1,0,0,14
#Dialog044
1,1,0,0,0,0,0,0,0,0,3
3,1,1,0,0,0,0,0,0,0,4
4,1,1,1,0,0,0,0,0,0,5
5,1,1,1,1,0,0,0,0,0,6
6,1,1,1,1,2,0,0,0,0,12
12,1,1,1,1,1,0,1,0,0,7
7,1,1,1,1,1,1,1,0,0,14
#Dialog045
1,1,0,0,0,0,0,0,0,0,3
3,1,1,0,0,0,0,0,0,0,4
4,1,1,1,0,0,0,0,0,0,5
5,1,1,1,1,0,0,0,0,0,6
6,1,1,1,1,1,0,0,0,0,7
7,1,1,1,1,1,2,0,0,0,13
13,1,1,1,1,1,1,1,0,0,14
#Dialog046
1,2,0,0,0,0,0,0,0,0,8
8,1,0,0,0,0,0,1,0,0,3
3,1,1,0,0,0,0,0,0,0,4
4,1,1,1,0,0,0,0,0,0,5
5,1,1,1,1,0,0,0,0,0,6
6,1,1,1,1,1,0,0,0,0,7
7,1,1,1,1,1,2,0,0,0,13
13,1,1,1,1,1,1,1,0,0,14
#Dialog047
1,2,0,0,0,0,0,0,0,0,8
8,1,0,0,0,0,0,1,0,0,3
3,1,2,0,0,0,0,0,0,0,9
9,1,1,0,0,0,0,1,0,0,4
4,1,1,1,0,0,0,0,0,0,5
5,1,1,1,1,0,0,0,0,0,6
6,1,1,1,1,1,0,0,0,0,7
7,1,1,1,1,1,2,0,0,0,13
13,1,1,1,1,1,1,1,0,0,14
#Dialog048
1,2,0,0,0,0,0,0,0,0,8
8,1,0,0,0,0,0,1,0,0,3
3,1,2,0,0,0,0,0,0,0,9
9,1,1,0,0,0,0,1,0,0,4
4,1,1,2,0,0,0,0,0,0,10
10,1,1,1,0,0,0,1,0,0,5
5,1,1,1,1,0,0,0,0,0,6
6,1,1,1,1,1,0,0,0,0,7
7,1,1,1,1,1,2,0,0,0,13
13,1,1,1,1,1,1,1,0,0,14
#Dialog049
1,2,0,0,0,0,0,0,0,0,8
8,1,0,0,0,0,0,1,0,0,3
3,1,2,0,0,0,0,0,0,0,9
9,1,1,0,0,0,0,1,0,0,4
4,1,1,2,0,0,0,0,0,0,10
10,1,1,1,0,0,0,1,0,0,5
5,1,1,1,2,0,0,0,0,0,11
11,1,1,1,1,0,0,1,0,0,6
6,1,1,1,1,1,0,0,0,0,7
7,1,1,1,1,1,2,0,0,0,13
13,1,1,1,1,1,1,1,0,0,14
#Dialog050
1,2,0,0,0,0,0,0,0,0,8
8,1,0,0,0,0,0,1,0,0,3
3,1,2,0,0,0,0,0,0,0,9
9,1,1,0,0,0,0,1,0,0,4
4,1,1,2,0,0,0,0,0,0,10
10,1,1,1,0,0,0,1,0,0,5
5,1,1,1,2,0,0,0,0,0,11
11,1,1,1,1,0,0,1,0,0,6
6,1,1,1,1,2,0,0,0,0,12
12,1,1,1,1,1,0,1,0,0,7
7,1,1,1,1,1,2,0,0,0,13
13,1,1,1,1,1,1,1,0,0,14
#Dialog051
1,1,0,0,0,0,0,0,0,0,3
3,1,1,0,0,0,0,0,0,0,4
4,1,1,1,0,0,0,0,0,0,5
5,1,1,1,1,0,0,0,0,0,6
6,1,1,1,1,1,0,0,0,0,7
7,1,1,1,1,1,2,0,0,0,13
13,1,1,1,1,1,1,0,1,0,14
#Dialog052
1,2,0,0,0,0,0,0,0,0,8
8,1,0,0,0,0,0,1,0,0,3
3,1,1,0,0,0,0,0,0,0,4
4,1,1,1,0,0,0,0,0,0,5
5,1,1,1,1,0,0,0,0,0,6
6,1,1,1,1,1,0,0,0,0,7
7,1,1,1,1,1,2,0,0,0,13
13,1,1,1,1,1,1,0,1,0,14
#Dialog053
1,1,0,0,0,0,0,0,0,0,3
3,1,2,0,0,0,0,0,0,0,9
9,1,1,0,0,0,0,1,0,0,4
4,1,1,1,0,0,0,0,0,0,5
5,1,1,1,1,0,0,0,0,0,6
6,1,1,1,1,1,0,0,0,0,7
7,1,1,1,1,1,2,0,0,0,13
13,1,1,1,1,1,1,0,1,0,14
#Dialog054
1,1,0,0,0,0,0,0,0,0,3
3,1,1,0,0,0,0,0,0,0,4
4,1,1,2,0,0,0,0,0,0,10
10,1,1,1,0,0,0,1,0,0,5
5,1,1,1,1,0,0,0,0,0,6
6,1,1,1,1,1,0,0,0,0,7
7,1,1,1,1,1,2,0,0,0,13
13,1,1,1,1,1,1,0,1,0,14
#Dialog055
1,1,0,0,0,0,0,0,0,0,3
3,1,1,0,0,0,0,0,0,0,4
4,1,1,1,0,0,0,0,0,0,5
5,1,1,1,2,0,0,0,0,0,11
11,1,1,1,1,0,0,1,0,0,6
6,1,1,1,1,1,0,0,0,0,7
7,1,1,1,1,1,2,0,0,0,13
13,1,1,1,1,1,1,0,1,0,14
#Dialog056
1,1,0,0,0,0,0,0,0,0,3
3,1,1,0,0,0,0,0,0,0,4
4,1,1,1,0,0,0,0,0,0,5
5,1,1,1,1,0,0,0,0,0,6
6,1,1,1,1,1,0,0,0,0,7
7,1,1,1,1,1,2,0,0,0,13
13,1,1,1,1,1,1,0,1,0,14
#Dialog057
1,1,0,0,0,0,0,0,0,0,3
3,1,1,0,0,0,0,0,0,0,4
4,1,1,1,0,0,0,0,0,0,5
5,1,1,1,1,0,0,0,0,0,6
6,1,1,1,1,1,0,0,0,0,7
7,1,1,1,1,1,0,0,1,0,14
#Dialog058
1,2,0,0,0,0,0,0,0,0,8
8,1,0,0,0,0,0,1,0,0,3
3,1,1,0,0,0,0,0,0,0,4
4,1,1,1,0,0,0,0,0,0,5
5,1,1,1,1,0,0,0,0,0,6
6,1,1,1,1,1,0,0,0,0,7
7,1,1,1,1,1,0,0,1,0,14
#Dialog059
1,1,0,0,0,0,0,0,0,0,3
3,1,2,0,0,0,0,0,0,0,9
9,1,1,0,0,0,0,1,0,0,4
4,1,1,1,0,0,0,0,0,0,5
5,1,1,1,1,0,0,0,0,0,6
6,1,1,1,1,1,0,0,0,0,7
7,1,1,1,1,1,0,0,1,0,14
#Dialog060
1,1,0,0,0,0,0,0,0,0,3
3,1,2,0,0,0,0,0,0,0,9
9,1,1,0,0,0,0,1,0,0,4
4,1,1,1,0,0,0,0,0,0,5
5,1,1,1,2,0,0,0,0,0,11
11,1,1,1,1,0,0,1,0,0,6
6,1,1,1,1,1,0,0,0,0,7
7,1,1,1,1,1,0,0,1,0,14
#Dialog061
1,1,1,1,0,0,0,0,0,0,5
5,1,1,1,1,0,0,0,0,0,6
6,1,1,1,1,1,0,0,0,0,7
7,1,1,1,1,1,1,0,0,0,14
#Dialog062
1,2,1,1,0,0,0,0,0,0,8
8,1,1,1,0,0,0,1,0,0,5
5,1,1,1,1,0,0,0,0,0,6
6,1,1,1,1,1,0,0,0,0,7
7,1,1,1,1,1,1,0,0,0,14
#Dialog063
1,1,2,1,0,0,0,0,0,0,9
9,1,1,1,0,0,0,1,0,0,5
5,1,1,1,1,0,0,0,0,0,6
6,1,1,1,1,1,0,0,0,0,7
7,1,1,1,1,1,1,0,0,0,14
#Dialog064
1,1,1,2,0,0,0,0,0,0,10
10,1,1,1,0,0,0,1,0,0,5
5,1,1,1,1,0,0,0,0,0,6
6,1,1,1,1,1,0,0,0,0,7
7,1,1,1,1,1,1,0,0,0,14
#Dialog065
1,1,1,1,0,0,0,0,0,0,5
5,1,1,1,2,0,0,0,0,0,11
11,1,1,1,1,0,0,1,0,0,6
6,1,1,1,1,1,0,0,0,0,7
7,1,1,1,1,1,1,0,0,0,14
#Dialog066
1,1,1,1,0,0,0,0,0,0,5
5,1,1,1,1,0,0,0,0,0,6
6,1,1,1,1,2,0,0,0,0,12
12,1,1,1,1,1,0,1,0,0,7
7,1,1,1,1,1,1,0,0,0,14
#Dialog067
1,1,1,1,0,0,0,0,0,0,5
5,1,1,1,1,0,0,0,0,0,6
6,1,1,1,1,1,0,0,0,0,7
7,1,1,1,1,1,1,1,0,0,14
#Dialog068
1,2,1,1,0,0,0,0,0,0,8
8,1,1,1,0,0,0,1,0,0,5
5,1,1,1,1,0,0,0,0,0,6
6,1,1,1,1,1,0,0,0,0,7
7,1,1,1,1,1,1,1,0,0,14
#Dialog069
1,1,1,1,0,0,0,0,0,0,5
5,1,1,1,1,0,0,0,0,0,6
6,1,1,1,1,1,0,0,0,0,7
7,1,1,1,1,1,2,0,0,0,13
13,1,1,1,1,1,1,1,0,0,14
#Dialog070
1,2,1,1,0,0,0,0,0,0,8
8,1,1,1,0,0,0,1,0,0,5
5,1,1,1,1,0,0,0,0,0,6
6,1,1,1,1,1,0,0,0,0,7
7,1,1,1,1,1,2,0,0,0,13
13,1,1,1,1,1,1,1,0,0,14
#Dialog071
1,1,2,1,0,0,0,0,0,0,9
9,1,1,1,0,0,0,1,0,0,5
5,1,1,1,1,0,0,0,0,0,6
6,1,1,1,1,1,0,0,0,0,7
7,1,1,1,1,1,2,0,0,0,13
13,1,1,1,1,1,1,1,0,0,14
#Dialog072
1,1,1,2,0,0,0,0,0,0,10
10,1,1,1,0,0,0,1,0,0,5
5,1,1,1,1,0,0,0,0,0,6
6,1,1,1,1,1,0,0,0,0,7
7,1,1,1,1,1,2,0,0,0,13
13,1,1,1,1,1,1,1,0,0,14
#Dialog073
1,1,1,1,0,0,0,0,0,0,5
5,1,1,1,1,0,0,0,0,0,6
6,1,1,1,1,2,0,0,0,0,12
12,1,1,1,1,1,0,1,0,0,7
7,1,1,1,1,1,2,0,0,0,13
13,1,1,1,1,1,1,1,0,0,14
#Dialog074
1,1,1,1,0,0,0,0,0,0,5
5,1,1,1,2,0,0,0,0,0,11
11,1,1,1,1,0,0,1,0,0,6
6,1,1,1,1,2,0,0,0,0,12
12,1,1,1,1,1,0,1,0,0,7
7,1,1,1,1,1,2,0,0,0,13
13,1,1,1,1,1,1,1,0,0,14
#Dialog075
1,1,1,1,0,0,0,0,0,0,5
5,1,1,1,1,0,0,0,0,0,6
6,1,1,1,1,1,0,0,0,0,7
7,1,1,1,1,1,2,0,0,0,13
13,1,1,1,1,1,1,0,1,0,14
#Dialog076
1,1,1,1,0,0,0,0,0,0,5
5,1,1,1,1,0,0,0,0,0,6
6,1,1,1,1,1,0,0,0,0,7
7,1,1,1,1,1,2,0,0,0,13
13,1,1,1,1,1,1,0,1,0,14
#Dialog077
1,1,1,2,0,0,0,0,0,0,10
10,1,1,1,0,0,0,1,0,0,5
5,1,1,1,1,0,0,0,0,0,6
6,1,1,1,1,1,0,0,0,0,7
7,1,1,1,1,1,2,0,0,0,13
13,1,1,1,1,1,1,0,1,0,14
#Dialog078
1,1,1,2,0,0,0,0,0,0,10
10,1,1,1,0,0,0,1,0,0,5
5,1,1,1,2,0,0,0,0,0,11
11,1,1,1,1,0,0,1,0,0,6
6,1,1,1,1,1,0,0,0,0,7
7,1,1,1,1,1,2,0,0,0,13
13,1,1,1,1,1,1,0,1,0,14
#Dialog079
1,1,1,1,0,0,0,0,0,0,5
5,1,1,1,1,0,0,0,0,0,6
6,1,1,1,1,1,0,0,0,0,7
7,1,1,1,1,1,0,0,1,0,14
#Dialog080
1,1,1,1,0,0,0,0,0,0,5
5,1,1,1,1,0,0,0,0,0,6
6,1,1,1,1,1,0,0,0,0,7
7,1,1,1,1,1,0,0,1,0,14
#Dialog081
1,1,1,2,0,0,0,0,0,0,10
10,1,1,1,0,0,0,0,0,0,5
5,1,1,1,1,0,0,0,0,0,6
6,1,1,1,1,1,0,0,0,0,7
7,1,1,1,1,1,0,0,1,0,14
#Dialog082
1,1,1,1,0,0,0,0,0,0,5
5,1,1,1,2,0,0,0,0,0,11
11,1,1,1,1,0,0,1,0,0,6
6,1,1,1,1,1,0,0,0,0,7
7,1,1,1,1,1,0,0,1,0,14
#Dialog083
1,1,1,1,1,0,0,0,0,0,6
6,1,1,1,1,1,0,0,0,0,7
7,1,1,1,1,1,1,0,0,0,14
#Dialog084
1,1,1,1,2,0,0,0,0,0,11
11,1,1,1,1,0,0,1,0,0,6
6,1,1,1,1,1,0,0,0,0,7
7,1,1,1,1,1,1,0,0,0,14
#Dialog085
1,1,2,1,1,0,0,0,0,0,9
9,1,1,1,1,0,0,1,0,0,6
6,1,1,1,1,1,0,0,0,0,7
7,1,1,1,1,1,1,0,0,0,14
#Dialog086
1,1,1,1,1,0,0,0,0,0,6
6,1,1,1,1,1,0,0,0,0,7
7,1,1,1,1,1,1,1,0,0,14
#Dialog087
1,1,1,1,2,0,0,0,0,0,11
11,1,1,1,1,0,0,1,0,0,11
6,1,1,1,1,1,0,0,0,0,7
7,1,1,1,1,1,1,1,0,0,14
#Dialog088
1,1,2,1,1,0,0,0,0,0,9
9,1,1,1,1,0,0,1,0,0,6
6,1,1,1,1,1,0,0,0,0,7
7,1,1,1,1,1,1,1,0,0,14
#Dialog089
1,2,1,1,1,0,0,0,0,0,8
8,1,1,1,1,0,0,1,0,0,6
6,1,1,1,1,1,0,0,0,0,7
7,1,1,1,1,1,1,1,0,0,14
#Dialog090
1,1,1,1,1,0,0,0,0,0,6
6,1,1,1,1,1,0,0,0,0,7
7,1,1,1,1,1,2,0,0,0,13
13,1,1,1,1,1,1,1,0,0,14
#Dialog091
1,1,1,1,1,0,0,0,0,0,6
6,1,1,1,1,1,0,0,0,0,7
7,1,1,1,1,1,2,0,0,0,13
13,1,1,1,1,1,1,1,0,0,14
#Dialog092
1,1,1,2,1,0,0,0,0,0,10
10,1,1,1,1,0,0,1,0,0,6
6,1,1,1,1,1,0,0,0,0,7
7,1,1,1,1,1,2,0,0,0,13
13,1,1,1,1,1,1,1,0,0,14
#Dialog093
1,1,2,1,1,0,0,0,0,0,9
9,1,1,1,1,0,0,1,0,0,6
6,1,1,1,1,1,0,0,0,0,7
7,1,1,1,1,1,2,0,0,0,13
13,1,1,1,1,1,1,1,0,0,14
#Dialog094
1,1,1,1,1,0,0,0,0,0,6
6,1,1,1,1,1,0,0,0,0,7
7,1,1,1,1,1,2,0,0,0,13
13,1,1,1,1,1,1,0,1,0,14
#Dialog095
1,1,1,1,1,0,0,0,0,0,6
6,1,1,1,1,1,0,0,0,0,7
7,1,1,1,1,1,0,0,1,0,14
#Dialog096
1,1,2,1,1,0,0,0,0,0,9
9,1,1,1,1,0,0,1,0,0,9
6,1,1,1,1,1,0,0,0,0,7
7,1,1,1,1,1,0,0,1,0,14
#Dialog097
1,2,1,1,1,0,0,0,0,0,8
8,1,1,1,1,0,0,1,0,0,6
6,1,1,1,1,1,0,0,0,0,7
7,1,1,1,1,1,0,0,1,0,14
#Dialog098
1,1,1,1,1,0,0,0,0,0,6
6,1,1,1,1,1,0,0,0,0,7
7,1,1,1,1,1,0,0,1,0,14
#Dialog099
1,1,1,1,1,1,0,0,0,0,7
7,1,1,1,1,1,1,0,0,0,14
#Dialog100
1,2,1,1,1,1,0,0,0,0,8
8,1,1,1,1,1,0,1,0,0,7
7,1,1,1,1,1,1,0,0,0,14
#Dialog101
1,1,2,1,1,1,0,0,0,0,9
9,1,1,1,1,1,0,1,0,0,7
7,1,1,1,1,1,1,0,0,0,14
#Dialog102
1,1,1,1,1,2,0,0,0,0,12
12,1,1,1,1,1,0,1,0,0,7
7,1,1,1,1,1,1,0,0,0,14
#Dialog103
1,1,1,2,1,1,0,0,0,0,10
10,1,1,1,1,1,0,1,0,0,7
7,1,1,1,1,1,1,0,0,0,14
#Dialog104
1,1,1,1,1,1,0,0,0,0,7
7,1,1,1,1,1,1,1,0,0,14
#Dialog105
1,1,1,1,1,1,0,0,0,0,7
7,1,1,1,1,1,2,0,0,0,13
13,1,1,1,1,1,1,1,0,0,14
#Dialog106
1,1,1,1,1,1,0,0,0,0,7
7,1,1,1,1,1,2,0,0,0,13
13,1,1,1,1,1,1,0,1,0,14
#Dialog107
1,1,1,1,1,1,0,0,0,0,7
7,1,1,1,1,1,1,0,1,0,14
#Dialog108
1,1,2,1,1,1,0,0,0,0,9
9,1,1,1,1,1,0,1,0,0,9
7,1,1,1,1,1,1,0,1,0,14
#Dialog109
1,1,1,1,1,1,1,0,0,0,14
#Dialog110
1,2,1,1,1,1,1,0,0,0,8
8,1,1,1,1,1,1,1,0,0,14
#Dialog111
1,1,2,1,1,1,1,0,0,0,9
9,1,1,1,1,1,1,1,0,0,14
#Dialog112
1,1,1,2,1,1,1,0,0,0,10
10,1,1,1,1,1,1,1,0,0,14
#Dialog113
1,1,1,1,2,1,1,0,0,0,11
11,1,1,1,1,1,1,1,0,0,14
#Dialog114
1,1,1,1,1,2,1,0,0,0,12
12,1,1,1,1,1,1,1,0,0,14
#Dialog115
1,1,1,1,1,1,2,0,0,0,13
13,1,1,1,1,1,1,1,0,0,14
#Dialog116
1,0,0,0,0,0,0,0,0,0,2
2,1,0,0,0,0,0,0,0,0,3
3,1,1,0,0,0,0,0,0,0,4
4,1,1,1,0,0,0,0,0,0,5
5,1,1,1,1,0,0,0,0,0,6
6,1,1,1,1,1,0,0,0,0,7
7,1,1,1,1,1,1,0,0,0,14
#Dialog117
1,0,0,0,0,0,0,0,0,0,2
2,1,0,0,0,0,0,0,0,0,3
3,1,1,0,0,0,0,0,0,0,4
4,1,1,1,0,0,0,0,0,0,5
5,1,1,1,1,0,0,0,0,0,6
6,1,1,1,1,1,0,0,0,0,7
7,1,1,1,1,1,1,1,0,0,14
#Dialog118
1,0,0,0,0,0,0,0,0,0,2
2,2,0,0,0,0,0,0,0,0,8
8,1,0,0,0,0,0,1,0,0,8
3,1,1,0,0,0,0,0,0,0,4
4,1,1,1,0,0,0,0,0,0,5
5,1,1,1,1,0,0,0,0,0,6
6,1,1,1,1,1,0,0,0,0,7
7,1,1,1,1,1,1,1,0,0,14
#Dialog119
1,0,0,0,0,0,0,0,0,0,2
2,2,0,0,0,0,0,0,0,0,8
8,1,0,0,0,0,0,1,0,0,8
3,1,1,0,0,0,0,0,0,0,4
4,1,1,1,0,0,0,0,0,0,5
5,1,1,1,1,0,0,0,0,0,6
6,1,1,1,1,1,0,0,0,0,7
7,1,1,1,1,1,1,1,0,0,14
#Dialog120
1,0,0,0,0,0,0,0,0,0,2
2,1,0,0,0,0,0,0,0,0,3
3,1,1,0,0,0,0,0,0,0,4
4,1,1,1,0,0,0,0,0,0,5
5,1,1,1,1,0,0,0,0,0,6
6,1,1,1,1,1,0,0,0,0,7
7,1,1,1,1,1,2,0,0,0,13
13,1,1,1,1,1,1,1,0,0,14
#Dialog121
1,0,0,0,0,0,0,0,0,0,2
2,1,0,0,0,0,0,0,0,0,3
3,1,1,0,0,0,0,0,0,0,4
4,1,1,1,0,0,0,0,0,0,5
5,1,1,1,1,0,0,0,0,0,6
6,1,1,1,1,1,0,0,0,0,7
7,1,1,1,1,1,2,0,0,0,13
13,1,1,1,1,1,1,0,1,0,14
#Dialog122
1,0,0,0,0,0,0,0,0,0,2
2,1,0,0,0,0,0,0,0,0,3
3,1,2,0,0,0,0,0,0,0,9
9,1,1,0,0,0,0,1,0,0,9
4,1,1,1,0,0,0,0,0,0,5
5,1,1,1,1,0,0,0,0,0,6
6,1,1,1,1,1,0,0,0,0,7
7,1,1,1,1,1,2,0,0,0,13
13,1,1,1,1,1,1,0,1,0,14
#Dialog123
1,0,0,0,0,0,0,0,0,0,2
2,1,0,0,0,0,0,0,0,0,3
3,1,1,0,0,0,0,0,0,0,4
4,1,1,1,0,0,0,0,0,0,5
5,1,1,1,1,0,0,0,0,0,6
6,1,1,1,1,1,0,0,0,0,7
7,1,1,1,1,1,0,0,1,0,14
#Dialog124
1,0,0,0,0,0,0,0,0,0,2
2,1,0,0,0,0,0,0,0,0,3
3,1,1,0,0,0,0,0,0,0,4
4,1,1,2,0,0,0,0,0,0,10
10,1,1,1,0,0,0,1,0,0,5
5,1,1,1,1,0,0,0,0,0,6
6,1,1,1,1,1,0,0,0,0,7
7,1,1,1,1,1,0,0,1,0,14
#Dialog125
1,0,1,1,0,0,0,0,0,0,2
2,1,1,1,0,0,0,0,0,0,5
5,1,1,1,1,0,0,0,0,0,6
6,1,1,1,1,1,0,0,0,0,7
7,1,1,1,1,1,1,0,0,0,14
#Dialog126
1,0,1,1,0,0,0,0,0,0,2
2,2,1,1,0,0,0,0,0,0,8
8,1,1,1,0,0,0,1,0,0,5
5,1,1,1,1,0,0,0,0,0,6
6,1,1,1,1,1,0,0,0,0,7
7,1,1,1,1,1,1,0,0,0,14
#Dialog127
1,0,1,1,0,0,0,0,0,0,2
2,1,1,1,0,0,0,0,0,0,5
5,1,1,1,1,0,0,0,0,0,6
6,1,1,1,1,1,0,0,0,0,7
7,1,1,1,1,1,1,1,0,0,14
#Dialog128
1,0,1,2,0,0,0,0,0,0,10
10,0,1,1,0,0,0,1,0,0,2
2,1,1,1,0,0,0,0,0,0,5
5,1,1,1,1,0,0,0,0,0,6
6,1,1,1,1,1,0,0,0,0,7
7,1,1,1,1,1,1,1,0,0,14
#Dialog129
1,0,1,1,0,0,0,0,0,0,2
2,1,1,1,0,0,0,0,0,0,5
5,1,1,1,1,0,0,0,0,0,6
6,1,1,1,1,1,0,0,0,0,7
7,1,1,1,1,1,2,0,0,0,13
13,1,1,1,1,1,1,1,0,0,14
#Dialog130
1,0,1,1,0,0,0,0,0,0,2
2,1,1,1,0,0,0,0,0,0,5
5,1,1,1,2,0,0,0,0,0,11
11,1,1,1,1,0,0,1,0,0,6
6,1,1,1,1,1,0,0,0,0,7
7,1,1,1,1,1,2,0,0,0,13
13,1,1,1,1,1,1,1,0,0,14
#Dialog131
1,0,1,1,0,0,0,0,0,0,2
2,2,1,1,0,0,0,0,0,0,8
8,1,1,1,0,0,0,1,0,0,5
5,1,1,1,1,0,0,0,0,0,6
6,1,1,1,1,1,0,0,0,0,7
7,1,1,1,1,1,2,0,0,0,13
13,1,1,1,1,1,1,0,1,0,14
#Dialog132
1,0,1,1,0,0,0,0,0,0,2
2,1,1,1,0,0,0,0,0,0,5
5,1,1,1,1,0,0,0,0,0,6
6,1,1,1,1,1,0,0,0,0,7
7,1,1,1,1,1,0,0,1,0,14
#Dialog133
1,0,1,2,0,0,0,0,0,0,10
10,0,1,1,0,0,1,0,0,0,2
2,1,1,1,0,0,0,0,0,0,5
5,1,1,1,1,0,0,0,0,0,6
6,1,1,1,1,1,0,0,0,0,7
7,1,1,1,1,1,0,0,1,0,14
#Dialog134
1,1,1,1,0,0,0,0,0,0,5
5,1,1,1,1,0,0,0,0,0,6
6,1,1,1,1,1,0,0,0,0,7
7,1,1,1,1,1,1,0,0,0,14
#Dialog135
1,1,2,1,0,0,0,0,0,0,9
9,1,1,1,0,0,0,1,0,0,5
5,1,1,1,1,0,0,0,0,0,6
6,1,1,1,1,1,0,0,0,0,7
7,1,1,1,1,1,1,0,0,0,14
#Dialog136
1,1,1,2,0,0,0,0,0,0,10
10,1,1,1,0,0,0,1,0,0,5
5,1,1,1,1,0,0,0,0,0,6
6,1,1,1,1,1,0,0,0,0,7
7,1,1,1,1,1,1,0,0,0,14
#Dialog137
1,1,1,1,0,0,0,0,0,0,5
5,1,1,1,1,0,0,0,0,0,6
6,1,1,1,1,1,0,0,0,0,7
7,1,1,1,1,1,1,1,0,0,14
#Dialog138
1,1,1,1,0,0,0,0,0,0,5
5,1,1,1,1,0,0,0,0,0,6
6,1,1,1,1,1,0,0,0,0,7
7,1,1,1,1,1,2,0,0,0,13
13,1,1,1,1,1,1,1,0,0,14
#Dialog139
1,1,1,1,0,0,0,0,0,0,5
5,1,1,1,2,0,0,0,0,0,11
11,1,1,1,1,0,0,1,0,0,6
6,1,1,1,1,1,0,0,0,0,7
7,1,1,1,1,1,2,0,0,0,13
13,1,1,1,1,1,1,1,0,0,14
#Dialog140
1,1,1,1,0,0,0,0,0,0,5
5,1,1,1,1,0,0,0,0,0,6
6,1,1,1,1,1,0,0,0,0,7
7,1,1,1,1,1,2,0,0,0,13
13,1,1,1,1,1,1,0,1,0,14
#Dialog141
1,1,1,1,0,0,0,0,0,0,5
5,1,1,1,1,0,0,0,0,0,6
6,1,1,1,1,1,0,0,0,0,7
7,1,1,1,1,1,0,0,1,0,14
#Dialog142
1,1,1,2,0,0,0,0,0,0,10
10,1,1,1,0,0,0,1,0,0,5
5,1,1,1,1,0,0,0,0,0,6
6,1,1,1,1,1,0,0,0,0,7
7,1,1,1,1,1,0,0,1,0,14
#Dialog143
1,1,1,2,0,0,0,0,0,0,10
10,1,1,1,0,0,0,1,0,0,5
5,1,1,1,2,0,0,0,0,0,11
11,1,1,1,1,0,0,1,0,0,6
6,1,1,1,1,1,0,0,0,0,7
7,1,1,1,1,1,0,0,1,0,14
#Dialog144
1,0,1,1,1,0,0,0,0,0,2
2,1,1,1,1,0,0,0,0,0,6
6,1,1,1,1,1,0,0,0,0,7
7,1,1,1,1,1,1,0,0,0,14
#Dialog145
1,0,1,1,1,0,0,0,0,0,2
2,1,1,1,1,0,0,0,0,0,6
6,1,1,1,1,1,0,0,0,0,7
7,1,1,1,1,1,1,0,0,0,14
#Dialog146
1,0,1,2,1,0,0,0,0,0,10
10,0,1,1,1,0,0,0,0,0,2
2,1,1,1,1,0,0,0,0,0,6
6,1,1,1,1,1,0,0,0,0,7
7,1,1,1,1,1,1,0,0,0,14
#Dialog147
1,0,1,1,1,0,0,0,0,0,2
2,1,1,1,1,0,0,0,0,0,6
6,1,1,1,1,1,0,0,0,0,7
7,1,1,1,1,1,1,1,0,0,14
#Dialog148
1,0,1,1,2,0,0,0,0,0,11
11,0,1,1,1,0,0,1,0,0,2
2,1,1,1,1,0,0,0,0,0,6
6,1,1,1,1,1,0,0,0,0,7
7,1,1,1,1,1,1,1,0,0,14
#Dialog149
1,0,1,1,1,0,0,0,0,0,2
2,1,1,1,1,0,0,0,0,0,6
6,1,1,1,1,1,0,0,0,0,7
7,1,1,1,1,1,2,0,0,0,13
13,1,1,1,1,1,1,1,0,0,14
#Dialog150
1,0,1,1,1,0,0,0,0,0,2
2,1,1,1,1,0,0,0,0,0,6
6,1,1,1,1,1,0,0,0,0,7
7,1,1,1,1,1,2,0,0,0,13
13,1,1,1,1,1,1,0,1,0,14
#Dialog151
1,0,1,1,1,0,0,0,0,0,2
2,1,1,1,1,0,0,0,0,0,6
6,1,1,1,1,1,0,0,0,0,7
7,1,1,1,1,1,0,0,1,0,14
#Dialog152
1,0,1,1,1,0,0,0,0,0,2
2,1,1,1,1,0,0,0,0,0,6
6,1,1,1,1,1,0,0,0,0,7
7,1,1,1,1,1,0,0,1,0,14
#Dialog153
1,0,1,1,1,0,0,0,0,0,2
2,1,1,1,1,0,0,0,0,0,6
6,1,1,1,1,2,0,0,0,0,12
12,1,1,1,1,1,0,1,0,0,7
7,1,1,1,1,1,0,0,1,0,14
#Dialog154
1,0,1,0,1,0,0,0,0,0,2
2,1,1,0,1,0,0,0,0,0,4
4,1,1,1,1,0,0,0,0,0,6
6,1,1,1,1,1,0,0,0,0,7
6,1,1,1,1,1,1,0,0,0,14
#Dialog155
1,0,1,0,1,0,0,0,0,0,2
2,1,1,0,1,0,0,0,0,0,4
4,1,1,1,1,0,0,0,0,0,6
6,1,1,1,1,1,0,0,0,0,7
7,1,1,1,1,1,1,1,0,0,14
#Dialog156
1,0,1,0,1,0,0,0,0,0,2
2,1,1,0,1,0,0,0,0,0,4
4,1,1,1,1,0,0,0,0,0,6
6,1,1,1,1,1,0,0,0,0,7
7,1,1,1,1,1,1,0,1,0,14
#Dialog157
1,0,1,0,1,0,0,0,0,0,2
2,1,1,0,1,0,0,0,0,0,4
4,1,1,1,1,0,0,0,0,0,6
6,1,1,1,1,1,0,0,0,0,7
7,1,1,1,1,1,2,0,0,0,13
13,1,1,1,1,1,1,1,0,0,14
#Dialog158
1,0,1,0,1,0,0,0,0,0,2
2,1,1,0,1,0,0,0,0,0,4
4,1,1,1,1,0,0,0,0,0,6
6,1,1,1,1,1,0,0,0,0,7
7,1,1,1,1,1,2,0,0,0,13
13,1,1,1,1,1,1,0,1,0,14
#Dialog159
1,1,1,0,1,0,0,0,0,0,4
4,1,1,1,1,0,0,0,0,0,6
6,1,1,1,1,1,0,0,0,0,7
7,1,1,1,1,1,1,0,0,0,14
#Dialog160
1,1,1,0,1,0,0,0,0,0,4
4,1,1,1,1,0,0,0,0,0,6
6,1,1,1,1,1,0,0,0,0,7
7,1,1,1,1,1,1,1,0,0,14
#Dialog161
1,1,1,0,1,0,0,0,0,0,4
4,1,1,1,1,0,0,0,0,0,6
6,1,1,1,1,1,0,0,0,0,7
7,1,1,1,1,1,0,0,1,0,14
#Dialog162
1,1,1,0,1,0,0,0,0,0,4
4,1,1,1,1,0,0,0,0,0,6
6,1,1,1,1,1,0,0,0,0,7
7,1,1,1,1,1,2,0,0,0,13
13,1,1,1,1,1,1,1,0,0,14
#Dialog163
1,1,1,0,1,0,0,0,0,0,4
4,1,1,1,1,0,0,0,0,0,6
6,1,1,1,1,1,0,0,0,0,7
7,1,1,1,1,1,2,0,0,0,13
13,1,1,1,1,1,1,0,1,0,14
#Dialog164
1,0,1,0,1,0,0,0,0,0,2
2,1,1,0,1,0,0,0,0,0,4
4,1,1,1,1,0,0,0,0,0,6
6,1,1,1,1,1,0,0,0,0,7
7,1,1,1,1,1,1,0,0,0,14
#Dialog165
1,0,1,0,1,0,0,0,0,0,2
2,1,1,0,1,0,0,0,0,0,4
4,1,1,1,1,0,0,0,0,0,6
6,1,1,1,1,1,0,0,0,0,7
7,1,1,1,1,1,1,1,0,0,14
#Dialog166
1,0,1,0,1,0,0,0,0,0,2
2,1,1,0,1,0,0,0,0,0,4
4,1,1,1,1,0,0,0,0,0,6
6,1,1,1,1,1,0,0,0,0,7
7,1,1,1,1,1,2,0,0,0,13
13,1,1,1,1,1,1,1,0,0,14
#Dialog167
1,0,1,0,1,0,0,0,0,0,2
2,1,1,0,1,0,0,0,0,0,4
4,1,1,1,1,0,0,0,0,0,6
6,1,1,1,1,1,0,0,0,0,7
7,1,1,1,1,1,2,0,0,0,13
13,1,1,1,1,1,1,0,1,0,14
#Dialog168
1,0,1,0,1,0,0,0,0,0,2
2,1,1,0,1,0,0,0,0,0,4
4,1,1,1,1,0,0,0,0,0,6
6,1,1,1,1,1,0,0,0,0,7
7,1,1,1,1,1,0,0,1,0,14
#Dialog169
1,1,1,0,1,0,0,0,0,0,4
4,1,1,1,1,0,0,0,0,0,6
6,1,1,1,1,1,0,0,0,0,7
7,1,1,1,1,1,1,0,0,0,14
#Dialog170
1,1,1,0,1,0,0,0,0,0,4
4,1,1,1,1,0,0,0,0,0,6
6,1,1,1,1,1,0,0,0,0,7
7,1,1,1,1,1,1,1,0,0,14
#Dialog171
1,1,1,0,1,0,0,0,0,0,4
4,1,1,1,1,0,0,0,0,0,6
6,1,1,1,1,1,0,0,0,0,7
7,1,1,1,1,1,1,0,1,0,14
#Dialog172
1,1,1,0,1,0,0,0,0,0,4
4,1,1,1,1,0,0,0,0,0,6
6,1,1,1,1,1,0,0,0,0,7
7,1,1,1,1,1,2,0,0,0,13
13,1,1,1,1,1,1,1,0,0,14
#Dialog173
1,1,1,0,1,0,0,0,0,0,4
4,1,1,1,1,0,0,0,0,0,6
6,1,1,1,1,1,0,0,0,0,7
7,1,1,1,1,1,2,0,0,0,13
13,1,1,1,1,1,1,0,1,0,14
#Dialog174
1,1,1,0,1,0,0,0,0,0,4
4,1,1,1,1,0,0,0,0,0,6
6,1,1,1,1,1,0,0,0,0,7
7,1,1,1,1,1,1,0,1,0,14
#Dialog175
1,0,1,0,1,0,0,0,0,0,2
2,1,1,0,1,0,0,0,0,0,4
4,1,1,1,1,0,0,0,0,0,6
6,1,1,1,1,1,0,0,0,0,7
7,1,1,1,1,1,0,0,1,0,14
